243 & 192

243

Puterie lui 2:
128 	243	1
64      115	1
32	51	1
16	39	1
8	3	0
4	3	0
2	3	1
1	1	1

243=1111 0011

192 =1100 000
---------------
128	192	1
64	64	1
32	0	0
16	0	0
8	0	0
4		0
2		0
1		0


243&192=
1111 0011 &
1100 0000
-------------
1100 0000=192

=====================================================================================

0xAC00 | 0x0301

0xAC00= 1010 1100 0000 0000 |(OR)
0x0301= 0000 0011 0000 0001
-----------------------------
        1010 1111 0000 0001




